n
0 86 2
1 101 21
2 132 30
3 206 18
4 226 22
5 244 48
6 268 76
7 271 97
8 277 180
9 254 192
10 230 181
11 215 172
12 182 154
13 162 143
14 127 120
15 108 135
16 95 154
17 72 186
18 50 79
19 30 98
20 56 123
21 8 181
22 163 91
23 203 121
24 229 136
25 266 110
26 392 150
27 350 92
28 394 49
29 335 92
30 335 111
31 269 132
32 120 96
33 128 60
w
0 0 1
1 1 2
2 2 3 
3 3 4
4 4 5
5 5 6
6 6 7
7 7 25
8 8 9
9 9 10
10 10 11
11 11 12
12 12 13
13 13 14
14 14 15
15 15 16
16 16 17
17 15 18
18 18 19
19 19 20
20 20 21
21 21 16
22 14 22
23 22 23
24 23 24
25 24 25
26 12 23
27 11 24
28 5 23
29 10 31
30 25 31
31 31 8
32 14 32
33 32 33
34 33 2
35 8 26
36 26 27
37 27 28
38 27 29
39 29 30
40 30 7